5000
0
1
2
3
4
5
6
7
8
9
497892898127
187961561314
153767175625
672600433770
871633650307
66417617730
668620600711
681928481674
906316173624
439384374010
897160124575
568012815321
699227857274
674975769238
256287851437
287526224126
858487085659
775819620510
485234971342
721233501346
536687146731
927515899416
857220962861
366068159867
237571531428
255569680470
139489200675
825115814518
96862664581
833402802071
284938614016
518527201820
849017962057
732830211895
196870853312
875531778993
251325290168
296771537358
465264869990
33459581631
108413049588
391486631986
620212780084
971066558043
177890447955
509688107740
649065758760
255804315612
23808502762
392231991955
443160590648
923290677196
783251391191
507859908731
838781656464
661911917916
812168776316
357915383966
583896137356
193707446286
275270810036
148951130403
122423444725
430803314686
534623696509
85894234109
566001675526
499454942942
758644973258
169659092278
954521211859
790488168377
534989407939
134621981971
800579030714
745789085082
143518488537
408445485875
686639889351
538573782231
980574458181
89626694304
614502101897
359561273134
997005647867
452734377055
187506045020
184401327837
795633807522
143482563128
177374365500
290709324373
258087776657
666444645983
303832028692
109113969265
141289883244
19138821806
16372533622
501587647822
566126809197
141622655115
248164125445
738624031537
592373700788
485603876873
990376069407
671852562975
262260422211
95222719578
418925755264
352920757476
917106233258
707456749276
889848544359
492273396768
841654224285
602144878253
675817861120
243478034820
597054998513
356785724615
670951428501
595313315100
589501388940
896861785815
912091803603
649532114198
380680194152
203425140863
638000447988
438736952808
636258215333
216073065852
552679831396
691855317514
450271420849
417769861096
596334397495
572618540634
945707597659
469210119520
203588430299
261845517451
457216591909
908581792143
919300261804
73007277839
581792216228
575777563966
513829056434
413523643061
653589006313
712650842110
510311878024
795050274389
977005797859
984899600945
162493087554
884285040708
75619649459
463928308613
535254536468
32407248602
539680474785
747288991307
191185223357
331980439001
30545147931
349463455542
205241617970
969666944461
785538312789
693812190681
643907349940
729776126924
226320156164
629453733963
737555388577
690424693791
542192195501
311856211482
173722919259
657317384676
130175939652
837557854765
149801300122
11208078166
969687776365
448081561437
359154937654
541560219799
735940052218
270893247117
927342427808
47353787535
296600317226
719693223897
156873870975
331326151893
336778802039
581944827377
619983121191
600462513095
682152671175
144126396130
955111316272
738074893088
51992224065
999980960410
751564553137
47086781484
891119469156
157045435820
787215919695
117783010715
373128157584
914304929106
150820734603
297286532588
781623578588
346736096688
933640596218
208726104437
478425703123
944267144519
399277615418
919526491465
215844862725
573822037261
240462578763
200026985006
601168407116
736557153954
469954309607
643560283606
116802993554
319773354958
530378124066
273032393334
388131509097
50948416034
332390869850
600948316761
516108387415
273404290038
270841573320
760835897649
411730205975
889053152312
852926277858
704674686145
401978538767
126953077862
215303255150
474876118340
752091796278
615704420454
508478276055
382096185441
668931497509
663879916668
791210923864
305227331664
368919860862
786004568297
397215161109
592392598747
206426245316
977133341775
903388216226
598640586715
908678366978
563871282008
799833344551
277080179035
305128057386
924958958478
105170300670
299029763700
409208103735
763283710883
588427445095
460957964036
512876047400
161180467592
569875417670
687781051070
637742345195
214740912894
146707708061
502858582916
29806136065
431689143729
308628540405
297693179782
108406289964
284938775546
157505641903
715984130745
915432063844
188760765469
445934422054
473618002615
157463613855
124824825274
780432615235
938104001833
91013501928
901830094952
446060191427
405936150347
825104334095
809393133402
695243917666
989498144246
729076035945
69362339151
202144978768
610585352003
70038041014
569442542261
112930780509
970824587245
242023821553
564308191761
689359544054
786353620079
161508921114
281127018332
865711236407
674813004587
313505102464
735433816921
590101100634
573995461251
721397910540
730628854786
421461364645
208266167809
731549043968
571131535498
124535892776
72454174316
696801376904
174033554668
883485054808
566144682909
607417472807
308631756089
926625242405
948212904455
540978201783
496746073615
293639618528
74571686677
152457721130
992678772952
883559248501
730179021704
532504752568
117439904821
407012488568
595314403425
944688174962
23588154743
836455633627
234409887094
321624466278
808419822918
21457787012
600339498225
490397629522
385157011727
669266655228
969965681992
345390410253
801281458403
356924581146
239996023993
373509610812
377440819127
281588936091
838681803158
90954661917
994810413771
847880216602
745783915908
178077966680
247998822697
672140782794
495577655537
459488630058
366625491777
820840358605
501965150999
727359476075
92822881651
986172072453
116434728169
519422856631
931390225953
658549447874
120435337800
493692978033
300673448995
795559900315
605605930817
714833413401
521154315409
436053365958
445549781550
785938317808
371740246336
17791193531
172344202756
950712438365
427050160603
411236614903
493634726253
306288479259
52021850035
315292162002
700086786102
387076185406
567989627772
268734842428
68349245076
647993803079
505302265258
710326749869
428768217572
900942415693
402380008803
115277567306
775430358450
947157912964
320649548168
488107299736
890125577983
104280626422
776312565080
624309595873
869069272796
320553550059
482662378025
890630805641
163809357238
253683320028
81882292284
668441573222
736532111148
40640131502
292696088619
147455904145
976441088403
883252264766
448247088718
493565964694
497486543186
295465886905
725393255083
555556305845
773210819040
740862722454
986688009692
131491983533
996380730558
701039224385
317290615899
484031971362
481342227195
236277082486
818792484543
914009565297
770343355877
721566154770
904129795949
272887925038
78310156338
28971171441
704940521940
807558041852
721512152831
897888985873
934188795039
550781731184
453224053600
436921301101
517931041126
30396305073
259448965960
62868922833
162192003681
965684605417
50286870039
75609781196
863996397259
718294675853
88934972327
210641468995
444890734038
994820141197
881739291227
219123356084
330795925900
942221899892
843643356689
865244852226
482345843203
862380586551
556623561731
176347072289
914434262585
629875604299
700253525187
670618634556
326354793288
86665270770
203510900011
447326647175
612802455487
112562748483
588162502004
157242896520
497333582701
260846839555
114248082164
704931889883
792658230793
719267254602
253638405268
802447584415
147762688268
191532658778
303058679656
212449327444
170325228827
697780895506
27654482690
19668519369
846592533669
132196093384
404574463059
824465909664
981483801340
955120266601
199358295128
19773562797
141010507649
854725239470
499045186077
339102861758
806169189783
647130099971
455482580624
367472959446
360618490499
764378846815
377987981068
14051673377
827436597473
519789463005
436036084471
121437883668
648597908202
204933720751
958377470287
696076326287
679567446999
355841037788
727717035482
261759331982
204957667633
871340660474
90082966176
762826194957
559775145130
640580029464
154500631796
566233987510
796387782427
750910655598
33831650944
842360821433
738312719124
215739300552
134270950518
338188018323
161923558647
336062129496
195293082007
464471633159
374203758457
184661030823
245100402559
80263716152
733038125268
487314269759
257234776590
613599146755
255015818566
110332034185
312885162889
316140260683
107096903280
325628954726
850983868370
265389499570
939678341834
822404198020
684830717329
879779431413
36936470039
619758056037
489083299370
357227736666
23691844539
175840234803
575123146689
112686258706
748450577414
505019486145
801271242679
507938269902
879086646461
40158132954
956477748551
930259936840
189322911973
373489842145
175851343688
331834756653
740261605756
671717023660
382444894082
502276516228
239414714833
889450443124
356697414602
443188650384
20107365346
890360696424
578035730040
741273980719
117744878498
924282384758
40092508397
662461896528
523315285207
350610766551
422024351740
464901299581
265833404640
382080214264
361161938662
286210726114
168643739789
198634931128
218663598427
552240164994
389505848861
617852434561
96723820086
347467874072
806049031964
718706344833
23435131764
626155743675
97645108068
742232059573
319324088350
33083436470
379361170611
532368030533
525792401574
653285298573
845576372704
422953901210
982999076736
124191810469
610255308141
444785968971
311826283836
365309304758
790046396915
202595099845
255878826722
496061705086
809981077390
122020394433
62285208319
27317258196
144298344221
953828699068
474873241745
42819658707
302886235143
237887120601
105350698314
860666474696
388516282163
52879350636
730261890453
489446837970
26447593406
565012648818
85475833447
937814126790
132313820967
55631586744
676043701112
264284249259
745839861493
884407515264
27258805582
93343231478
98204053368
787743764099
513085069358
846458914012
142703709294
970674208126
763874594726
217495177477
852768553730
261739164849
346043393020
961634952157
731062192364
487180050246
339502067764
477693058777
274539770759
171194219265
926054024708
342953639729
181433159839
549292494103
804360352444
768527270267
904302942315
766404165907
235219285669
801220897356
396231603092
950296482714
777512625223
181857919361
916239641628
891289554443
604686976743
143901963735
931069038248
208079456625
751229652534
886775786495
271095769264
430135607226
368059189219
872062106866
43850981674
447532086476
360481259919
332522889407
588560483863
40494475873
413166026594
211936230410
542503143208
27809334650
929526866575
538474341988
108017059157
668688320823
681673867998
575997966798
634560818112
244096198087
380394807947
974308594666
231717964497
932331813467
253378151617
461983308147
399348117385
516457854056
280445583980
86031315326
884454528694
633380276103
707725188078
877738550783
140029050255
336337445506
45589175814
288911356829
577792764902
885695258018
973361233303
616526879127
245403239033
109906511789
914866060168
402646226944
372660891143
455904875042
381727902444
26933633515
193670345642
612723832457
557722126186
375829728479
955921234358
929266447161
332820519335
685558833159
862923209655
387583474987
457170093068
992026950746
792840134582
26564501434
567697072156
682398992280
150385143228
24636145270
732079248443
808055647753
711168705204
731459941495
641750071151
110689152814
727479007397
520168552388
250983040197
69683709673
287715106489
922710323299
230767252760
274451000852
105297422680
526407941527
313267080402
430773363420
277058437104
259413563208
624657391546
563015515691
467939214166
699252841408
542644473380
521824634811
145492830690
542678089743
41759034956
439766873376
298048075809
896343513594
226626072873
719980151088
22822015627
199776275143
71555495287
928736188537
888162089818
34482828015
804236176269
791664778305
617585924947
663137074708
188091779155
493249642925
76651909364
950170046064
825365490882
899422037074
303603915335
525199627087
598796948999
462052718806
816053790576
66825569170
440128843615
419478580187
433443314113
880017514926
86488165710
792384940343
521268526737
668485834147
934422094877
423140992868
333315576592
624423829817
887511650586
610173858524
701049583401
97606333440
163487407670
721271291485
802331026086
547813945719
411605075918
678587508076
316496711089
229214084144
241832093401
409994990461
683265436340
243458806624
122785306261
546551284034
874894083385
168985491354
258459769123
219521808388
258568028702
470446957982
416479012152
382933940967
929780898243
567711746661
685116652264
938123026789
146213231063
979741800247
997672259916
652049591295
801466851787
377103594784
358708962239
981251889992
311439862996
905702319898
635776493286
381715060425
467701715645
939093418822
448981176652
487355716778
397041665332
883026057532
704425164619
11159945683
992935003773
106451696631
652781707329
119792302693
177389754825
621658464987
318783612213
410652955115
456576056123
970625177829
770508682485
79587620779
670084016357
286226138760
472592369393
336259494813
739492228791
539318741050
704068117150
39504855804
614024840067
902159495920
479095747137
517135972200
512505045914
430345901212
551546300295
572184364383
199517749755
716364754933
333356564356
222990412252
592061452878
550935720461
512416448875
58442216802
483229275512
129386027206
818984873934
953480120368
102245691753
493376647403
759125731174
147790665163
539383150046
270267817896
819561404755
911919943464
947738867620
611667021317
519171483414
338390738917
807105740578
429269397680
513521932659
512140103567
252925920096
341459543645
194960062518
95098205297
460215530367
157566350949
547801394008
867729662344
607847487773
273777986783
891993077095
381674771062
575538189827
691843909354
240776653239
871535198700
108781612998
405657981394
384088784523
126085554678
523711602449
25245089316
132521575572
756730798773
73275486598
296824010214
12032292593
756011575066
498761832742
984183152041
338133823169
143012583776
665221844937
456905751474
561787157329
739659031262
790401553291
564788756497
853050420080
635479423307
338613271899
221741311187
901166388852
555835489461
232221420091
784976231668
588402466869
22627267434
844305286858
284751745186
790744457997
146387503586
534780022723
123641460008
700942824415
365830943977
254205586472
816952200225
213649304278
379188450821
415012273883
242714632638
881087209521
650734310711
119800133832
241733062586
557212741739
745267008716
900883578880
566218574102
357748167406
901181462879
651253114870
325902339928
296190562183
71957421440
609917544592
442749670788
649281521956
852325155822
165598473339
900494375601
428450100351
631549113431
100484696326
307255314514
974183947999
309602639180
203574369609
524603139872
872043790130
40969013399
349617581675
934721277431
265067776381
617029178840
546967761370
960342874210
354240879057
302178635142
262867636614
815447984646
346641000127
948384582525
335503117909
746313533669
632336045630
132628330706
959149788408
976644663751
896715732611
579724525109
121787462715
770598136348
553601082175
721160264670
518554997046
968360060546
121357852561
35315695693
353518831629
605675987622
672310864033
434478821871
91769537672
154780067424
818719803978
146573916260
576465306991
70079378521
527217216674
67620321517
284161612317
188422810995
200063311928
706764167593
211324463921
409978966365
154239193648
562191762539
267550860315
909641081665
71885063501
585647547400
923156732620
13258283493
229735060255
413499589644
578673031306
134926486672
358239709661
203367529518
737711772742
773203323125
935413902831
235318689202
707621501146
561579590479
589948092483
556909381647
209412828787
785060049380
498848612397
402763162733
362731323521
144049434066
805883856183
85968636259
591237987358
991178317587
285557165931
522555018330
182292351526
830744814639
519439452410
863656547198
598417692492
835626722293
925846683450
338605025098
654223217631
609129128392
248474570758
758962642158
66045217382
723148853835
865745259739
194994049878
87392149885
804524962881
819811189753
505368261048
832430330695
174525341114
235997198051
142609907691
715363602944
141175009306
940439144139
694901286919
518957060385
372861817309
501414815138
186531717118
794805648026
114235991533
969605882154
691342169875
365331594129
151170720508
311881636247
415584951857
29762647286
387915708007
208603906733
97713262979
749649833747
693954585968
706185248831
651534484835
186518628684
204676233533
400833759246
649412782147
457716449306
132542821717
973151921360
804338489586
378703255743
788852483018
506033690238
627495805219
745504556966
364904908294
611595573589
661251017887
81165563731
290504918519
306068296137
439350674694
830678377809
607134933363
195850598943
703062759695
408237569744
920977147146
827910672196
277637953145
486263181701
617966762957
90995649978
163112789340
548171958935
667283276228
229732300189
987447322848
807353914047
911995196029
929754073416
482775181919
528758702998
220532797829
10498721807
531013887083
281791026128
898069899640
754355398271
59928235181
556135994420
159998804265
328695095411
671273824811
356193975394
622561097863
232129883533
359672691578
166800529770
362680441901
856433691687
12384110264
53662090949
586771143048
77431413230
935377168385
526578710823
938406831102
388964580319
398488657464
867507005101
812176644710
548718899745
467015687154
612593848714
797234166405
915996113310
709056406479
258927210674
190348564759
93905856873
901850994955
364880399556
935667226743
134950294333
618730120277
178423188230
628238514360
307875028741
176388723177
206709082624
429888141941
532463533093
75994980623
321723976859
310753168444
681992894609
179308619460
409937518577
93913554661
109820261283
390990285034
540103461988
71423237408
730936291134
69969761314
655248682046
319689238787
349260208808
306345378717
472552366130
22108596919
827538423324
658470580474
565258266823
775802791125
924011807441
326128320014
533595683917
92078345693
598660170159
343822418557
863100317745
282897510603
227772942014
280324890688
940701761692
546982780248
187631260621
378383526064
237269710338
799924642963
300551151749
882250506343
980008871111
715244796881
710616039598
355049192567
428386974150
613790554456
715233989766
455438731125
928995958882
968239619252
557812993410
667907150638
725274548489
255119031579
232753135846
705837722879
97521824912
206468505054
394698791802
881689564308
894196341990
579696219218
872212280753
311924202223
837332935094
321665406559
337002806076
792456164062
993131008196
542848044661
974500208229
53052062200
686532822296
539354206072
407422031071
157932534500
663159677472
298965530293
154390397626
209243950155
39693506803
190594229424
292765226522
198632514093
690698277678
673243120278
307719585162
872128831211
519374662333
331872218307
932995865177
664815733572
481514325805
503030139621
815644188450
713935196334
507120438032
910481855113
637203498858
875717052787
528163559952
148256274346
57868611710
644056889492
580790163762
302477364680
822947762275
307883468447
152708689323
94481347069
338347148262
97472449668
576213886074
477248853326
387094227450
243098566685
18456871829
631885249132
896936512039
787373542521
625201624128
660339180715
975105128600
866186368461
971049127849
125870301732
98831008316
179556736126
669942611779
38012513168
304330037959
218198583734
616145676031
130200612300
337992174649
885458765284
448584608142
634028534780
238358343505
28050495527
424270528305
474738911521
771310180974
894442158940
936562732921
633336257257
535764700430
738739819258
106609288146
434692128966
686698662973
143735021687
442344303700
557672283091
22494365927
760052491085
129116977734
357112662429
773394471947
285201692248
472180057789
791325663614
403207807076
898095705624
611232708666
565449442123
127230027329
693087131113
365366778929
251513285799
570434866672
65568676812
831056461002
149741121009
526622835068
618681024962
456539685599
623738132043
861684318362
81897540296
576127489317
440971686061
109666421903
675684218846
764195021819
963285575964
863451207161
157509038590
23978373395
752355758671
529151726509
82254200401
281329349910
611574798926
981950876959
93596014008
240530372449
134839880525
305002651251
110131853368
971297523895
906338690080
330600999694
906834996630
372710164930
560983866281
338691571873
372660951919
746198456256
590352958273
388226054280
149573790948
470484616903
601088553854
332477029951
436928700607
360387121129
619488187646
420424379351
263501639517
14246934827
951375345318
854400722633
243813366919
37047022564
622268502090
339898033434
693570802112
47506199355
247165175208
497407305680
820935758928
135532814136
20706325096
380304844303
434927958647
942652134773
91294775182
382455100473
718397451154
524458277987
895785204031
848041070855
957595370458
531666561952
137602947855
188110929999
144596466929
89718854677
923899759994
400879660888
660811822448
577881450104
275920518109
333930051338
305313400750
358167716280
653271537524
890429978108
126272773117
139278033868
817832308115
424395483438
392511883877
819835905659
838624819201
128642646634
997692004143
130195984828
405874216557
177185275006
617933028406
115394415010
616361951299
92828936539
560779160884
420520296925
582022615014
899465525376
735130148402
347942539927
313269301757
415525975565
198899407903
314404150290
306654116224
401015858859
191988802685
236287925525
690627697896
874135504019
956527547711
399487475277
46013917755
51158973350
811326589319
273039190797
556913944699
776071155335
506960123541
44879166250
313970202865
861364258883
337801540132
334838020773
479060755650
636996006655
395625302132
697902179172
983834922508
879903347882
587402780938
511870346765
175980181862
330061046157
886964290989
856338330704
269234722272
752511578085
986224841899
645895783778
670891634191
571897712006
908364430306
114199022308
773907092538
296758402573
538740184118
570891039191
900009043144
217457099653
424002094010
437316723187
984800471660
522316715792
919002493770
837653429536
639603991609
578964071897
21557305857
445660819053
243693611899
759671120622
36031027558
398756785337
336583884709
650635343152
296973369141
715650039137
770206469722
610480509504
449173680374
166462441112
286565746567
600668172377
867835202665
385695136331
642593183059
748066848836
945488247025
270988492680
808528819044
38840098030
42342634417
562282486245
406212076099
826101528963
178210917825
920065008437
697272485797
78927963945
109885067599
713626655524
885075370650
303679254489
501947470566
886758112551
150162751642
431080385181
589326160512
290357068673
901113188738
856234293277
190423333894
45874128789
80871522765
732610789272
325647465260
524206345228
185659427636
456421939197
310177398170
527210619381
549731210706
472110512812
987084828211
294789451481
729479899600
956766850067
646552482402
155479799522
918459745549
34934901582
350158747671
256790537379
788609010773
271804373938
694982465546
528557927386
313539688232
986426675104
622191611411
501971150613
677723151276
210713460141
121960006558
927841620702
496612187312
137413082570
869069627376
968002679094
776349705382
470149381037
134261451638
300515835038
489902114024
272359784812
724459356124
538118421593
131783386295
842261745756
894025711494
957631736410
61488338895
375490184265
800498554908
747529092950
678016566143
270907086735
422509102370
337667282337
158539767547
849184111947
656714907378
161841925623
443050784736
839550404974
55946508035
544259081811
425243811620
975505169552
521207485626
750783525231
511577797169
226052063779
265096123032
239342155909
591760059909
365234149324
50344648493
953201061182
652770336061
624699411981
940012825859
832428141019
565591754416
819765136114
897693874103
863610989111
353397975321
57068065533
263886364791
632913731337
713196002093
996696568933
603420843390
429172820420
915186642002
139973850352
858304455336
304360418568
956931468898
640722694669
68608474200
554150706675
619338536938
31303627458
789465487937
423040879801
468371589353
315062336175
183654574628
951037457283
830149838456
65620918336
743304480766
440039035498
826976961876
959500885042
439872961431
996438626994
732843451953
745738483931
398839335711
48161124741
62561016970
871696328830
188614591215
354490062024
778590338712
378533510903
664940962387
308056957382
860147409922
709418021422
55040297575
106553932662
972848066248
733760301564
526755389566
992172655205
458593323710
348828408737
673911073549
16308578977
227221160424
89570528048
776189159164
50996847464
325742540391
472328216436
333657369904
146263818104
815141844496
745476505735
224899605495
624681963889
591035145349
472914124380
17189802951
543626864503
951052459676
494557409961
296088590430
393349215751
678628412450
388107705484
437868274456
322408419524
190487691420
737087776045
993763284777
890011143865
896386782182
129331164018
462315995669
269655026393
102367158788
292130885043
78246960903
869686615803
247115540207
769610037768
363807064990
119325443035
131993650194
503279361070
341201184830
217921322817
593713548779
225403258069
480939692031
126604532960
273580077426
976407903699
141456602876
938001388492
365190006310
274878769734
76414613260
228642900821
126971198212
393286131633
946806451671
625379704825
684764813427
377436725478
303937507202
206952547865
82369010359
600114131911
967259800595
840330502604
336179002176
631917030586
603777411512
808329965384
596552397783
859771438187
368064952217
416136280941
902785346706
834513073262
490929570288
998561096018
483071674713
705981618475
904931710313
553251199793
672351071748
136737508662
568191575627
979986702607
517234709723
581865658968
813104724826
601194579356
251007801060
405183125568
179183063629
67762699106
958075478809
471221631229
304820309513
456210494723
857568674988
967445258384
346118472503
361991197971
875961695192
785478536018
868417254727
619660283593
55556244522
421007807596
969448545018
237055230190
855853510139
732291849303
994837319359
526955447896
152521981223
400227103478
986190834347
613351367936
212312273945
58304151125
961576207754
725783105544
647726763396
876371029173
798572808026
87807051861
42617094565
982503190400
566800038315
501874458452
739869061662
539444941959
368819955193
832459849507
731144080286
895525113623
171478100625
655876306066
930249513691
929750429102
583758725233
114697994012
43713674719
472382781975
235207490378
60771374183
439884135164
925392865639
756167431524
362532465798
366610154647
932497302470
936133481468
188598126040
827060157118
456066957342
818789345016
367237801600
470750635683
156816118620
543462290415
149055339401
680587459187
178599683085
278275907758
23300928763
507100641285
235509038645
570494965838
92492009671
660814735350
753054708037
589718935039
201129066433
889070280752
351351486429
495368680997
795521565915
406480057351
49995180185
769349112271
479332150466
472335156797
602875089953
827862609696
385837608672
982845813782
573807417218
686389135130
265121702471
73365533413
549262437165
226909617783
342468634522
172882813831
544664572135
701226215841
286177377349
477424880034
384308607061
435367294168
113198667072
13056981420
563803040256
179983298114
250959748809
232379150474
414579042648
349098942678
561181882716
38681032007
117328570256
447407159112
775569480252
677559395745
218242253197
468968241911
416810470473
347612232353
918728872994
822797853234
502820527162
756512340235
688285869218
786877824597
417934700910
227099784033
174023018864
179776543292
42351918403
494970522786
315117411010
291814094209
773704555026
29051005242
836402317005
194158499291
475451787828
618545846849
874628337813
33387523185
610595012225
526679073699
116836663016
160967818362
245013279003
219734055794
295041411182
240878978357
264679147946
723647912966
108003110178
253973805721
258594410368
380671273450
291808779291
83483592731
714019286189
63200010078
748068710266
57230466471
494805944114
686973829740
33628112472
317355767736
104693343082
271533547993
147634481204
619947759453
472464755592
805656522758
841299959991
868392290800
827700054150
554391555155
314074116448
313792390284
647566985606
602613025907
881352052446
772708065821
644881012219
675932445285
327083691790
938236422111
532565332454
330202862838
246658765043
919205631683
208886928190
193862879877
677585230989
113060094123
602874600010
83739067801
339816359955
266861854733
232998793631
252347147081
975749454853
690737559419
553917945851
253429535729
90535467856
808153808563
957072928434
907710224189
410693517408
536631132183
681602202361
24293054765
605328769228
261154584513
313096526468
303574880010
761379022141
965201555213
607806205589
929242450384
261434825134
552010593370
36878886968
234513476365
725697130549
127561114486
108971157170
480993116322
563104522360
567688209897
40451372636
122489716322
925215952373
496547617361
49859254486
997139803127
881134777491
223501879926
836066427336
229911600857
567099016058
788681354221
848717432980
183080739653
381790182364
337559157710
94512405257
409089912126
935186655413
953252284669
266170026565
136180846617
564745992890
559893438788
904156502651
425159598191
668494446022
745396754136
872367800300
446408140703
346973533732
39217262858
310039472617
498708634064
328125356208
510913321514
126285761688
235810491467
835154924143
650529375273
436536912034
192569478696
693838074267
439616397055
311120803773
23821685640
523550902646
643365155621
300773937762
172790589579
636709850001
699690142412
195215578078
116648128792
291727667652
56069767715
506898116687
989987683474
976729684819
364791493976
275124464482
566506810965
98882533722
983942559486
987112852914
134244489345
274502061280
503163453609
234398726751
989854612447
856501509308
62011728446
264930011586
502527631060
612375137608
697153140014
528735197767
132925140811
69759420969
227463260976
187243584562
742298556240
22415062840
233732865882
198009149915
210980968831
675538396431
597908446774
214134294873
321792672035
744452882475
315134623629
626271865552
773140714426
418340188667
683571693676
386875208252
754007710476
522853704390
589325483497
751501473158
488982916018
242616923016
920842000858
658834615921
871756874352
192487524649
745253739650
351042259178
251031700781
726861410835
628252267270
142737725254
323266992354
650781506458
169760830129
96410606931
452441503801
374115722291
172737450655
396551054258
263079151333
69147990062
201740772887
445367268335
185800593967
492624979640
685643517943
732102504869
369211912358
293214234537
138315450207
726369811326
315498545728
309852954225
728438447379
753413612648
151272726212
470664430181
221348210901
946280884143
694054962487
636085794775
294432354698
415253175927
521332410783
71123834730
572111986833
988294259264
377326374465
355444661465
397531006777
800163414953
406720268681
923194967421
384634439496
389523571542
276874125840
681076984138
67571897658
182986257441
900786804062
140334997371
849263468620
774848466106
158255578508
683578671127
304596143996
254849549621
600226157587
230705624761
353457757222
355878032057
933088583878
810583193458
586672849094
941611293435
477619157543
378743556687
510839881384
613438806445
48195853761
224618949847
477109928831
603514360301
113572122930
606743592152
962561078071
888276959580
720248728120
540189143924
376178330855
799010367724
246549198325
684312521215
667184162020
159537103681
673437218900
465682640051
222044802698
351160899214
741605518575
814856602190
84205710593
158097091425
24135334453
209023520271
358443789448
723045587590
186328429035
99707719385
251390985759
154282244118
858956526075
959961414247
201210572086
50011533377
582229218173
399308940430
502578824369
47639908798
640486555016
563978646988
849812727879
437298967685
39200694779
531041308568
996368070041
898584488367
868931163354
714897626181
831623651152
697446392869
550393845027
565004312926
896618866079
434294889896
771119999977
292050919420
39383824822
351487410589
701983109738
379860346440
941378542561
880581917912
429043211895
785892876088
750250105321
804434803170
117999413403
424812314107
830565676654
12188454318
706821822314
488913678606
299314252500
571258700192
389560167244
564193262043
790806291402
617488491290
743652598351
734899505191
656218429175
648478741009
17793175766
755847855770
393738403939
480071140697
273513338849
443341695924
843598675223
977206382455
289269350275
111210614129
441868845490
980687935914
104007394243
386197693906
665520485679
316747618929
471265356660
997123147953
176734498001
918873765184
551952235923
904810113503
885360980673
581331356857
57578372021
94669078592
817930285388
776186985003
431597203875
926984254711
119670009702
473706148814
970293345211
235476085152
198963191689
103374597835
488178159743
543470427689
962072285084
479938230753
228162671170
506945055458
23297703887
120079626988
915835294946
179227353181
867793809557
981552603274
722981157240
29505700036
542209182952
40020967577
913618662964
571249346947
232462232760
342051981175
931622066191
916207088550
882550130505
391983062993
368228477898
561262037929
649061337183
892175164876
596873169599
593122274638
716371466787
781142144653
778963712355
785345256020
357103189396
380357707641
873800503673
549662192703
494113591357
503329076932
410732845852
465150604893
23474443001
415801313482
470974911909
191898870248
715842101829
923957433698
560093356378
749331914655
23257830486
137805944583
540396233681
586774466779
237547148969
919988184495
78692907225
342003033492
147571846007
107828997202
497567310436
218136052493
865902199218
492763833066
728226774172
493908776123
812299914828
414907381830
65885985181
540637790962
295599083739
40932427870
374474498512
184885174904
897139284124
353018499167
62631836098
424381620952
735256673883
791439780750
657903066323
112064854598
257458190194
552812558673
87769092678
445306525086
867440137488
278202540509
13224869671
729531903104
508586163356
721192037305
636244098989
833735882327
342773542730
241987182799
722788625930
534130365194
403532840032
606154923825
361731852219
626618715292
158809551643
81555700221
908322788385
104002707388
212644802172
493201672063
735836430630
96311996407
970928519725
408666787717
187002888172
403984068381
86331464173
272187272073
840038145128
961491984019
691677744504
821604689105
456136163556
145914966729
774012626091
385380353937
381708701450
918139513358
286403255916
938787256435
756683053313
817605892418
123098893671
21169850019
838150455271
163696846399
22299231012
56025241659
758169081041
346908710068
881754261881
381124919181
560490103086
120447276850
925232461593
41549411901
949278773737
892580398682
773224859348
938460904424
510575263535
321994292812
194771990599
80109045597
505375588435
906134586954
471799308398
748260883297
113447825277
857221049733
211973009525
376529566856
357426105791
893334620392
910331163469
753832189710
213790244663
404959646105
249228752965
119280373976
808144412674
284939629806
452728188086
834690495466
985131895865
860689208309
156870844925
252717652935
790104257092
533787204873
52476027295
171295782807
445098263437
684643832780
897820773364
362717004124
591179886310
121189234226
662205483391
852403262591
766257218254
516992016526
483176880204
409081869552
269175552359
340946048198
289046394808
361485387806
751639228529
678517580070
618957027689
789995740492
542354108776
32255570141
386859675535
760873601240
629558881871
243061073952
83741634080
196795471271
337931786051
145010887519
333925436790
163199327121
63836678628
648709834998
945762217733
315867815526
668713841269
373100858643
786259405328
461725182331
702854735792
253001634509
285511424427
243993572900
835873048241
794378228292
586758232222
964509395830
183224505298
263757796835
699409797165
679725177347
641752546612
638275666278
807103598964
173037789467
942557217192
207773957396
125815841927
853914131024
780638608880
491525054104
717226168090
910474485705
90974625010
631880536296
721318045761
513391128219
315816152465
242050378356
162044111606
41415360295
604437414721
253314484063
921571856072
515031825831
203308311738
160945144259
792217591603
86114516570
508886918378
526871801300
823031720230
231101312260
572324736411
730071486463
317766928521
454147119900
925507772407
967690308910
458142135487
386279636546
301805585264
21739655067
958821027718
629088875654
320378016648
705021572343
44066029414
379249464372
906514085126
209023271634
174662420219
394938577922
508935248581
950672647604
114558150351
886405570653
908042618244
118752266188
951873102971
499141756687
559261714108
58178777939
651710862388
893673480211
74058674625
342489987067
242321938068
714566020606
962607014712
307672518883
704489392648
857260857020
275416722853
348006355092
368342951350
722565589028
147985712150
430084925573
531735859634
203757200319
97314021085
70876792370
813346392308
641153387669
10884595319
629034490739
147914811790
430334326680
740975100933
953831328857
47559490152
313650529000
178141698837
568569791612
563487376254
808656983938
590284678251
823814729317
920620127158
635212681969
256003569873
682589715897
398274038978
681537003510
196567297098
360973071017
57223959548
851619289338
505463073766
297022085882
518573509796
226177261270
895586471433
106305979397
574933920881
695424072837
839671280102
263718903017
982955298578
355701080372
466044365046
792594814257
903823831534
113452804700
885427056126
273170390450
396012812722
230900564905
285911329102
479123366268
886252201926
676288788907
172411691728
351279149731
964965711464
194394198580
359446276866
727081191513
727535147437
370115819767
825789818107
332512303626
298053162171
490835448965
673346181138
307191046772
145280362961
525365802206
833428422809
759063498407
349671392504
171919316618
810796042145
591477764661
912436219132
703305120924
696963697219
690978542821
228945076334
601160680999
105491373220
947115049877
37252993195
765924110060
269776969679
61470399539
722659839625
229980553974
734078372672
176867930375
690599538835
197718760080
996681775921
397980863746
735244984602
766656067298
150199812563
657783396095
678393623535
29799830998
943340133388
352706446671
211253093549
261078147008
922784675649
606758227923
287669038881
48619558306
149709009591
57625067103
463466834170
50156000008
331631210565
195632186446
500369109265
752906149917
935388680682
112526829354
323891472513
215348893265
44321408680
945768237420
736463807416
809253358147
817806825009
844548487601
533526740514
923117898146
869873374362
602327352724
68148326205
454317962630
674162057311
222856138633
239694423389
19946490901
551475372193
275627574163
588428702701
473790243867
991515153437
656604199134
184380660250
735805786762
110556658087
859498311197
156978110156
399243859472
890448819417
44260195666
996510837225
678279998242
999364607864
881624290787
354329291670
982097530747
610786339690
483592123050
379378448183
886883360822
878857752828
892709992456
175451432817
200953697082
900907554420
743002798737
162880982834
33151210387
662879519016
992408422381
787147862851
356408009125
462772036863
727595686427
166266613360
670602592150
181634781744
830344819934
458694140141
40975869900
109166817740
48908091790
84622551470
277511730489
742628962147
331148723734
817246414296
959080312894
595530806520
460738676478
750873927566
347722795833
695058071596
634560007302
270943544775
93449824162
836612278844
350560536002
330119524602
773182670077
712437097656
708070572306
413304265600
521658717801
291441088370
689478432985
110427590286
633220553554
363986707365
34294174793
622202223224
248629672831
503023261824
735080033007
306972987173
823473683128
746749599492
968195857041
698725027605
14147969403
306295398111
45737137867
680564340891
768582044630
773861132261
745257588634
365662118301
699012364730
188570819458
105033519394
403037315345
204655121922
45382763863
285153403270
288900546246
11946287129
166348717975
703753797432
729261358993
994334405720
219577071387
12099772494
607450820856
807466989664
799507559847
557475528771
834202034005
329943326199
343627402561
947330345613
614585755805
305335098051
956125712638
766411482138
547255923418
831607521360
527648209159
244182788214
128789793960
537013120266
15864472295
658395666399
123478677327
598882276811
939939749376
261535799879
43659154535
822629075897
15239291533
527310182460
279983882547
771362405525
423476864219
413208185492
106951307661
152812984112
277726015995
39773074665
864374113743
766234621413
267816957491
524536593196
595185290570
136186417662
260222737005
345287198503
713513746884
693511885331
954171375301
831658122708
548550614585
994040223480
561014063057
737474085843
822937590421
715948559280
33793425783
653240120089
124855176640
152595693847
550165815754
635470889849
504553252520
885158410960
539551731330
278912138780
639279463617
329960050087
129971755621
45151995909
474616368065
875434690472
704553096811
284266078623
79641428389
716083688656
962258238642
713100885917
422217515098
235440976930
400805616712
572738880874
598510278996
204694151033
78920637357
439690232527
852066026569
972101541774
781849974764
198200297952
521373721516
543344279295
267872441940
201716126152
421527026730
863102791185
623272186873
564818820860
926427093305
256187749533
528874403447
866259413190
486518430718
682860529193
407660914791
701927462959
139337783000
146500205953
28224591696
267254511020
704049008694
371428755683
954664053802
561042099922
716483523707
567806090918
318302546696
639847426670
860764802458
11314957998
908336683605
951692088242
789087884552
539792754106
448992462639
74512656796
98183995859
822807931598
324348905342
918999135363
392888721649
685581971772
827092333898
885950335467
74611940112
942133707634
563277757531
391349404146
12968903195
230259417708
626572279174
122739889150
874895972480
999472287384
61604216655
312821660869
411161556371
627673949018
563134444779
247395370697
588190995053
604706366068
495733991159
861627336833
806763734042
823438610684
618591831684
647084719331
629303693462
936094352218
967397939796
200253652151
679649529171
696162686161
100029457490
80114317655
991777406352
503177558880
247425643641
357631075190
45237152556
521631816898
407172704262
643447428418
209289602003
797426960183
74174817283
632938116114
715203126847
636437798939
551099908534
839309589916
203187687942
856945610347
28637692276
980971341525
63230671488
845962966646
143044459965
626461541142
499099585446
168189971149
824720230771
258533611782
700586139224
939217977054
152625365797
711656343915
643254338881
763231773089
953777964116
746758289295
857325894377
730801100151
170425714243
918686669253
990029569519
452951279222
452922074079
443383949407
460302439010
440863098709
814914075376
769938087181
548672248830
710060424487
942807359157
561395865666
359820192564
832910239546
515961659929
68346298166
906626621568
990622243288
125500884722
696915696690
241968538467
283336640485
477356971218
816408418158
687017507542
237362036959
782668602918
438524343232
864945627006
58612235620
447167893244
38964171074
615484826351
501060814886
302429112489
445198727230
497707145303
405309272991
612383478531
46303969211
49309161610
912097925865
954222435731
174489709623
868807642904
77323209961
680658632096
895399886389
679390384360
888946265174
832134700638
508630467311
337599048569
404523192699
74451362336
541659782576
392897309634
319978253507
120323379781
882592804009
939278964954
105659512517
620087675687
336906001650
276724190752
434016864242
277159747764
242911818859
730106961643
467956062040
959245849520
811851472301
427886644890
65600379413
687984883906
34449472521
200603258353
505900334876
160262130758
607963114997
85296740395
74293090792
464393337598
786649289123
958404982229
590751431444
854961313808
217395766818
488420989754
573653346157
178103859716
916027575540
87892202639
381753640656
67760634865
745536214080
392752086700
605114496051
270952035500
928363324238
841972570732
150012892753
254825119942
677665551757
912261803993
834919106470
599020207227
137760765254
676678744657
165202192211
787434544343
210432701942
105402088689
323924847167
604470558207
534909898748
721025746682
116616810667
246346951036
615370086385
278715972048
857667234849
543398129744
586255358913
372365262449
458093336215
226520223814
880538383462
182954588130
801586224690
531470702563
560550599521
139148821263
856025213184
70488907741
638336641921
171232326568
657983325127
250411313447
411858837301
538596561643
974906670908
493334869459
915774866678
159728253021
355205564342
696731444965
819957392703
727094441775
905069417972
151554977641
469466135998
230566051188
408730798479
999218512300
425688391533
647317040175
722675087170
279584512617
661628022578
771293946413
500394539411
744893235775
503814354024
580917151224
87250035715
66270998857
947755469013
172631542535
724104672409
471092363253
653412772541
872144856412
810669934251
895431454683
599369769405
912076624330
302622442572
49946224806
330819531854
811311078746
936518755563
242411835973
60524583323
195995227173
374942240109
830214208797
277510637766
421622288400
628049339528
778203073896
224822079743
67507211876
781558861219
823801881128
862339668999
359393861772
485399095777
740121545086
748957619092
488795878165
26792706807
761723639845
157950526536
117804227559
558715229236
754187981532
866317972698
42212984022
809815291551
282433032811
264867340528
695378342629
382353558819
232303215167
45810530109
756921417537
26869831875
434787859217
885352413313
897741983278
851614637169
73856652074
870163511285
866016619545
371831357178
548691375901
709235140724
857904831483
781713651017
45986309651
742807167186
800808941951
164329241162
540544196244
795493226374
784148976355
132580021587
103844692299
293049016301
694460691145
960795088671
467249686311
907229259286
33163142085
288383709342
702051653449
123215985314
716306706625
44403085287
655745784638
48384447932
369960227884
810827847516
849681702286
435967170555
577063647429
567939543229
755946452398
263836084774
505471279096
169866491665
732808248038
878484797988
328172492729
731820740480
337651796697
93548177611
985125555569
138546859759
88042467434
748922738341
760221790196
387639520873
660183493004
252733461803
565560479554
349277584983
432147915697
742281205154
818692780964
970268750363
68877710215
371774498601
292096737544
219682245988
21656399202
117537563112
760869643840
874692771403
630889911855
239911683935
858701369172
475492056153
433648044221
887653293626
344716602418
227508339380
501338123355
838651933126
297636326456
662117481492
673443665621
971339564722
528296936403
601980045735
130992496945
20565232383
67158425603
658461225530
880484645878
38920140002
98222212086
241702074557
230123513456
962329938947
914309657104
701016076081
506053903021
638833041722
773195808556
822345650785
843044390146
727315268529
884595835117
519418602992
67210126693
324400476721
303779044993
57089273605
735654293755
564993404297
258554063340
945145597459
931634374552
599780735789
868229095699
186426612777
478597410169
706256258894
199827394007
523666543518
219993024627
429180045769
890508418002
976532147151
239927889804
594778749522
171306488659
221320805250
363466418938
106895409912
757971765342
921838304380
527355188626
583428140915
667012028090
307725632523
290645657508
570499074272
658210013275
281347512986
214688095292
541418268098
765800529167
833332583012
377323615956
705140124056
339862975679
222161994106
711648571290
765442007085
331098569837
418125319978
46091731118
711610366944
842157315555
110346134449
643353219821
659649284182
459303793072
456187368005
671281600416
416006247117
442376067947
462761427100
895806021958
989217031230
434691373767
101652079258
494510883088
224108535036
695150021194
989397424572
363354165895
637068341245
543835520568
818034726082
757139328112
515906630438
493642580679
359458256822
734793321351
527198970661
542989182639
967693301899
515986126131
927476737364
961776203636
335538265724
448711735040
124725337786
685978282975
583136312923
644659589647
281594593257
476509770404
317760327297
783202662557
628930164293
510000877687
654440486353
914231999570
430719076701
902177756324
630474934048
918056681662
253333897233
245709770365
381429564903
918937301473
428080269398
857551161880
861307392081
271244948393
721050770583
685140870866
555378385526
917720659831
574700804371
533973507197
20156922574
709338102459
13479290569
721626013355
426821888806
795429318115
933051227310
902056508288
854468865022
575545857445
108079779523
367841613615
97418784652
202507118128
739856068814
624314619900
264982814388
433517617236
823312438350
748480669311
999733273354
868378789125
180524247547
853098317959
192060667156
507435851829
844968239036
546775034138
184902980928
682795284471
628357843263
272389564467
501027805755
635017589280
506216030460
320596992521
41242120386
422032476879
519935744388
348438661185
60249052279
541612381306
874651090957
18813275345
880467430307
532033504193
570891377763
561828914025
628558369469
20963927874
86967121030
436816194438
907698911969
743610472318
820670758305
865024921904
953417347898
430479161428
661267662031
651756902664
130106767982
609731741268
709607066263
896024846050
449768755987
820813746833
447900750764
451677332422
815131456115
797848098575
481541172562
370167993718
248310721775
92665715867
75549928899
551771857815
476101099649
814959526935
618166069035
553763845706
316379698122
565697381416
281657719899
116245499851
414528163926
497524261571
981930787262
817785191203
449053177492
578225936872
810224460355
26866709029
854664279918
999524887543
143249750993
741911592650
50086096132
529503541196
800896307146
787589737486
105626662677
533042088190
139434658191
636602527163
985908665281
354729601309
410921460022
906575541318
374554332542
534837382620
920509196959
160902062523
197080971434
147245721880
521870624901
196736624646
276547454523
874814898631
649447108840
229089791095
123960603153
567472359513
588728199244
391528829782
871058952345
940182567238
760919300299
706577597706
336682365829
232210401335
623258209230
878262720922
224977453133
279692120823
450361937205
880573394187
360310491521
425436837682
840554617439
359930521977
718262519526
266299667182
540140817165
158863994508
311344406416
884742927383
473182812357
983835108930
768940369374
658401067776
563283470109
70060476539
382375373415
151087122328
826742855767
292505615034
22660586001
810492559740
654188923648
219195837743
495158125802
982973086459
645736632608
715824433183
166320445682
399361936651
667829610171
846228122300
576269766633
404442258256
558572059103
285290402730
228986112895
246235982535
587938933557
874390626517
75969706728
99445878270
160248010602
475594815556
999686706261
263280870078
633246516872
615946233392
634268812827
142963151757
38561719051
420042672385
91992389031
211136271238
527163622969
932551325878
176932108890
10304790545
695859100409
591607689994
551102415327
821151884901
707974127570
724368517581
89696839493
709523249846
956419370829
884656582914
865016904768
345007584008
259098063517
38345836739
94095660950
123678729792
906707486118
445412234483
10681349480
369021139281
445729869690
521171170857
258654444529
965052761200
25518499483
991710824613
629774328287
534108981669
158006634665
845188817914
810910071734
626285238957
591913223466
685023234347
650647700318
58408107246
423847323018
407007257273
787083369109
172356383933
629475610906
158030405177
836489051228
937574360166
662749527885
550314859407
391602755004
364137461922
847080070319
394466374071
70553145117
206541058950
712220597750
767282303232
359391312873
785025444820
450399574661
483927848001
416671422724
205360924936
325603348461
830756982608
887119808692
34077637970
771877567291
463692414884
143864857731
545265477845
772617808817
309061626367
776783423370
557398507255
769509747162
787786861193
161886565853
545154642433
307885626588
431632640460
732693621384
253504968250
424936907526
695922482214
36198750344
818751253854
807187224500
12986394576
345503079412
368640045087
533950052197
426693254642
138267677856
910263010226
947801290063
21764090548
350185495949
586562366319
218335156885
201835116639
916085834883
936852431421
20113015502
643585125314
866797450483
819553687526
815170564267
805063404710
564445562366
833835861878
941397189491
708437298603
486319145367
741828358624
259835137269
798835203772
699979763266
696443186575
526051124046
516064622849
689095764026
475465431894
483938573122
667481570823
526014916083
21507651488
563020135744
230061158868
795831174806
583182150795
129760243472
153187384228
377672765450
271313564317
340341644015
317737088072
916346902178
830102365737
224011835074
989536951004
855551528985
145121612380
428557369744
861398737391
808517802157
711587838777
786345484552
365854995944
549147089850
534008429443
551896813891
428817930361
339743030879
145029538554
485714782194
415830723683
525365312951
625735132937
237829545082
395118286860
296919673742
329626759871
398303231880
606137097133
83050669213
358412910507
207360293983
346997512068
231919469346
347250723362
687249417988
39802005148
220378990537
128306560031
118626109390
30710812026
576678818345
947351801476
809115873303
575440824874
539505361695
454863548598
260183299303
44637021850
670798262365
699924397576
894599815994
297370778035
998174226775
116057396407
932360459068
463328925766
317216469597
181775138061
845053963141
574377035512
168429450602
763548385131
983821155058
797699207678
358420055469
351830523235
422780504482
63922908440
218253690096
576816606817
785625305247
151848102936
40822025292
542741001015
283007513323
825268398559
434885953851
892376922822
473835906659
695349039121
366848039470
277357454578
463011355519
698605862582
442061071476
362290190746
776180531202
535322495936
689555168354
534166276610
985904861564
63462213928
543075012918
859166135539
392882741469
304630119234
157491263564
301988893668
96430283332
584299835269
134161299171
396859889332
993182871177
673875883297
514455139591
416193956242
238112047622
514584014850
292016609607
647732093141
156558314722
46963897258
152756173869
503330174174
394840465231
681830003277
900219742121
336597790282
250015949335
803726786194
11865050001
417236129748
14086260305
401954691860
219639246860
960207085296
598841696372
171570583058
894814378044
962468862834
493074280402
826216072573
395575580731
508154042313
355578471002
768837460590
257315330323
283249384320
17075348354
826600913821
497006501609
192686302158
176181723386
591658016082
804302565687
138647163152
601519900928
875438880851
915266028399
717533521821
822182674560
51710200435
100934582972
14508045027
872611504646
153521120787
965577880902
31672816138
266127148676
588692631017
782156388945
244282179360
778909246808
442569330928
204834397905
825556246594
284623793219
903850307747
210481102013
846987072641
722511727449
246980761797
91112039090
923081205896
576058342886
915547836572
563965371624
352736172752
462912035829
854628803699
655464672628
197317820101
130934545396
407796630409
189597692247
827872837982
532054590672
588496429760
723455673338
424156801900
266244740299
438941467520
618393212315
883828890923
170542874003
513199751614
341440510701
735793737855
488159133388
382035427643
90349878154
225070500037
800363968377
816783502830
900167720879
51121579401
200728286904
398040120056
763110130347
727062675138
392798476464
112748092015
628062853770
344027984574
482004802873
816256403023
555116617699
523552714688
838424037516
292229300600
842964496314
25656291434
652661921558
755106670421
661469994224
891798217437
874987226645
557189436470
324152583044
702710185134
422559395296
836105081180
867003819359
605947877226
654652042898
869368927663
547604371128
938311954976
127765829994
331037831303
328742276422
80272542177
499985145953
34132187119
207519165391
149771969966
12137905942
78886751892
970063515818
683739884954
326016580860
792995752539
259554505947
231811484949
133228345051
792654837130
330230925309
654192456456
245999253457
411474281749
294621046294
326721412139
25489325773
966695278480
585712379645
417304059367
727701999061
978980852373
658714676698
193155090987
801284398752
880872764800
476133911563
596608823725
202453290917
872568477458
363220844903
952563755115
439074837139
566179075060
259497338859
739878007569
865618182288
185120327387
250886688566
785721768517
64684686313
706123214635
218150614145
99762212635
853758305613
322831266112
61604087204
650874851289
557950537956
639895279939
297030220907
398327307402
168383215860
696048517081
311194846352
802763083959
575280564141
790437557495
380383079828
438949844860
582038235297
66506504439
280463353456
153438499008
212946010854
509805022155
388978068187
201042604905
556100684142
19142345245
269332197444
72767292070
644335977907
575507280533
817007380244
922235736800
580455771482
553799042590
515427821154
349564235993
533281508409
550348491804
357633087421
627967759295
169348217326
164552825373
810980082148
884094457374
764524030940
889827096394
701848506564
541851135703
383769379677
592971420026
177180469042
985295201090
873671142154
425126668992
297669250577
208299886222
730361256411
801066889993
79860140992
177076444480
539257519155
552944702706
793248630124
719351572030
576449053235
20904681126
248903269413
834285262951
281816883485
762354924115
227237804220
175328972394
342918617171
205504057255
338923442899
235951441140
275992949213
432813892011
97494892157
54652625587
463459577012
328765238134
198585897020
192669053851
130053697453
308510185809
508521307592
461994060917
318395961821
86330736700
907060430235
535596970125
266506927065
102065690128
349709325888
471869956210
850138093944
280205891457
37021955556
598445958356
945365131911
250272130527
12931726712
507805192081
948630145985
817729515020
76312406243
429914151137
935908907971
676523086045
844366185494
928250307120
232812672976
605094602616
351078705696
42870604844
535434107577
146123331951
120087931184
575617778548
31371488614
626879418574
520668976794
822319285720
829756284520
327794977755
648016106211
95289910936
837265931674
570460567375
825488213400
86004240639
802463136314
952377711766
341130331327
20356492446
57472995377
273065478091
318713396608
645296125275
77251021663
395636712727
545932807197
567458661908
241961525517
667251370448
836846360142
71925669536
782110078857
903561647933
418932816092
131673617122
51477756108
532149732514
710771660755
683080813009
263349661730
661475848452
327785191362
217174026144
952492250344
56838307607
884583887863
918839189504
872936604170
27845511250
35834299650
390457551593
572182983402
893102100183
699863148310
786999813770
168948233320
645017195341
292384774967
195273278103
335978180966
309972419819
569101306804
849981312987
768738724422
196641659122
167951371534
847227764915
164011605742
697222560002
677729549734
476423158962
649771777310
334708700016
718122648310
913354732402
148148875861
959521550687
239832939408
926720313325
616653731527
368672331831
14714447011
324685213944
522988624317
766271955979
400202017394
636297433855
823981612779
298712948022
985097689030
195393620618
393431667776
402365496824
199838190724
181340321990
728637058310
716585944749
985746077312
781112408050
331238015096
232743147770
828988914932
37551300985
68748779143
818270773927
65845253470
18943501877
665576881406
105247181769
952576718331
947953210965
842200805055
221620051515
537466454983
473179532276
386044559014
348636707747
908157234415
453250559259
884626848496
320621228674
722395139069
590278705695
516529727595
963063068039
286822515010
845780538427
835882970337
992664096632
944303937710
379880414654
594968795271
436211900293
216924570308
663816350271
97356003073
311353514703
57964967672
545392202004
516311424373
659289869863
698849851343
216650170204
677340602750
757283685806
418920246264
639686351373
984033005969
20574048021
298198736574
826294081108
238693533200
755851133199
405468970372
915939567759
291684250665
748750323218
612654074855
798495491837
839547428333
585761866866
302362479877
872781600619
811584086898
316298943117
752621224136
524380127764
931684726171
289008459369
568172732224
115687843105
805088539057
171880526669
147179671501
362394315057
951582574054
930867125907
623042200727
291913823600
142201733397
460900336551
618845667357
469640714985
865543840884
730099362822
780151046375
167433752135
214421299188
992049156428
906710841949
203346456232
10874822023
754767414052
427377005465
689485399100
578760377667
667142568535
395697684712
213030847231
658824893651
740789883249
929733783552
64912280848
609657036891
539961179856
18468209979
49327816459
641356761252
497231316041
823516332632
67600408026
261279188424
52357666060
791228700496
96834513653
783606539492
577891318313
883476335498
447173466617
432483222154
354502356391
292014961965
670053952793
602900767018
483007545315
624585783147
125921252887
160715659656
836770665362
581676326230
805652270622
484619790189
117165606477
579141146006
318755170322
905547105170
784580971034
677389887258
47404871956
294150381586
954895379550
640584261510
248370623034
259236560363
821868816814
663096008759
391054858722
178399940117
977843407446
704926868509
303309360724
527244703112
620781730731
876122702428
31396571289
698199714575
384046239973
763601525422
529538805502
589422497989
188225161878
793901248611
263249871961
994686109331
953077819517
523133169080
545018812677
419534065148
433091398616
319029682271
835632693711
662304405898
962572071590
502549615962
572305592278
857124361890
329515308203
386685309756
902510010592
348198178065
570968444264
356739634296
41604987858
539162990847
87605697080
366844785055
934882763607
154066726200
347841748712
460075647848
256525745731
166548099829
544168340560
768206246844
159970619437
783531162075
177598228360
489155026851
840996506302
23107624078
804939197440
831304334808
60154887782
312671339461
480965668654
611242891983
15633037393
244088382820
199343227053
257902588635
186863315834
455194029041
238994409861
290010968784
345808744415
206750249690
586057303664
977920872763
458404596747
301566387862
291897004140
490062572402
453004294281
911953254732
260368260901
689081216861
177679998952
459881666620
315434448113
897227976821
424577194747
450535315456
106787404571
318524265252
64498409660
920104876934
214184303010
388966527543
511008895455
948933917691
124138019276
751792798210
592611655630
699215674123
513752762693
370952783475
138428641620
705739830454
561000983135
856962566586
562352501664
133644611949
405041166477
258373967263
503521431488
778780628016
747294690639
17908516085
825562819673
39123468233
880781004278
896223698759
487029628578
378508504722
577390274917
279213018451
290621262166
607668821145
681135306126
305146988022
716520447124
281522455654
563468644291
601571614019
370536421302
72950662013
129188849807
753974268031
746831821557
605327648908
472902735192
237070938562
435622922585
969794989001
743039048740
524350857151
665481040931
780417762424
530268911151
61844705932
386336464233
93767109564
61108588578
191185514842
129858923834
272852664644
617549984211
519494531820
170649910083
536781786096
252692639992
911613955058
749523792507
133790507326
176657543102
100276743831
945376817488
605095538646
932688775158
51152655995
883577807303
412158850250
621655363006
107483431781
236209465274
684983907652
278368437332
661989940793
200751567361
190091934012
725279108220
434551735529
63901687272
258817629334
207395131276
238174499867
625425941036
105929570162
130100850971
569439535634
751593322990
880864895694
745306863881
23815481309
799147805240
492920196027
559107395329
602363218184
241080372292
569216436817
30238468309
182147240530
536861972018
381702203406
573028690869
379719196065
276107418876
335660514953
988609450410
841408160710
934432988566
683595230409
444433431555
939635157781
303463367253
495815673868
47597114422
251646044169
788770980913
326207685638
844985673128
403012563423
144802560474
269046570561
748933674656
629299674993
42763522626
976905588206
787201090064
359911737061
792149748527
83369503986
803622480290
957961847780
814681736063
950938258693
571049322474
520489529369
471807332543
341574980077
198709704615
410610685651
951021527363
619350025526
130321640527
559565147098
152574765017
936027275974
373299120797
416493671248
947396490507
973696953957
121489615999
565446436794
414815786764
707746313694
240524624030
591327606413
178010608938
619363646567
890874034827
520479067237
813601312253
358700498664
486797118411
646255735943
144397694381
211841046171
830634579515
49256183864
577751215732
557329661737
890623945426
161647316222
98844599829
163188243919
410496122759
237607466086
428452675942
20441232087
749420804811
636415805767
472683588387
233182129638
664273945341
692235726086
482364044193
120636799743
900052224082
283065666934
617320225747
67575375672
959703720061
909093872677
702866714591
260073864446
175460438635
988279797080
481680988105
115721289229
321257971162
33964358642
15113452596
476642065685
418750661847
955906785998
80816390536
271430636274
924506100977
698105893488
415506812946
409090828262
744621997182
794597037221
695537569266
294198110994
649678333568
367410540916
468140202603
365280117489
195611015996
85758773014
388909028539
931022979693
398448110953
855765613644
373930494934
44542217726
195762363220
991090762324
930705581350
667690776543
391852811340
136303467315
167413664769
313604300203
176532526962
158371380917
151229599218
254387024123
139910586257
357384757465
227718830644
632788676988
902434919233
569241419771
